//mob_db.txtへオーバーライド,,,,,,,,,,,,,,,,,,,,,,,,,,,,,,,,,,,,,,,,,,,,,,,,,,,,,,,,
//ID,Name,JName,LV,HP,SP,EXP,JEXP,Range1,ATK1,ATK2,DEF,MDEF,STR,AGI,VIT,INT,DEX,LUK,Range2,Range3,Scale,Race,Element,Mode,Speed,ADelay,aMotion,dMotion,Drop1id,Drop1per,Drop2id,Drop2per,Drop3id,Drop3per,Drop4id,Drop4per,Drop5id,Drop5per,Drop6id,Drop6per,Drop7id,Drop7per,Drop8id,Drop8per,Drop9id,Drop9per,DropCardid,DropCardper,MEXP,ExpPer,MVP1id,MVP1per,MVP2id,MVP2per,MVP3id,MVP3per
2674,C4_SAND_MAN,怒りのサンドマン,100,1000000000,0,0,0,6,500,1000,200,1000,0,0,0,150,0,0,2,2,0,0,21,164,200,1600,600,600,0,0,0,0,0,0,0,0,0,0,0,0,0,0,0,0,512,0,0,0,0,0,0,0,0,0,0,0

//メロン装備用MOB本鯖基準ID,,,,,,,,,,,,,,,,,,,,,,,,,,,,,,,,,,,,,,,,,,,,,,,,,,,,,,,,
20496,JT_AB_MOB_142,メロリン,190,5000000,0,0,100000000,1,13994,14496,300,400,150,200,200,300,400,48,10,12,1,0,65,165,150,1600,600,600,0,0,0,0,0,0,0,0,0,0,0,0,0,0,0,0,512,0,0,0,0,0,0,0,0,0,0,0
21504,JT_SEASON_MOB_102,デカメロリン,200,94436845,0,74367715,59494170,1,13994,14496,163,396,144,195,192,299,422,48,10,12,1,0,65,165,150,1600,600,600,0,0,0,0,0,0,0,0,0,0,0,0,0,0,0,0,512,0,0,0,0,0,0,0,0,0,0,0
21505,JT_SEASON_MOB_103,堕メロリン,190,94436845,0,74367715,59494170,1,13994,14496,163,396,144,195,192,299,422,48,10,12,1,0,65,165,150,1600,600,600,0,0,0,0,0,0,0,0,0,0,0,0,0,0,0,0,512,0,0,0,0,0,0,0,0,0,0,0
21508,JT_SEASON_MOB_106,デカ堕メロリン,200,94436845,0,74367715,59494170,1,13994,14496,163,396,144,195,192,299,422,48,10,12,1,0,65,165,150,1600,600,600,0,0,0,0,0,0,0,0,0,0,0,0,0,0,0,0,512,0,0,0,0,0,0,0,0,0,0,0

//ソニックMOB使うかわかんね,,,,,,,,,,,,,,,,,,,,,,,,,,,,,,,,,,,,,,,,,,,,,,,,,,,,,,,,
30000,ori0000,Dr?,200,25000000,0,1000000000,1000000000,6,23000,42000,500,200,289,222,350,300,950,99,12,10,2,7,20,165,170,1800,200,500,0,0,0,0,0,0,0,0,0,0,0,0,0,0,0,0,512,0,0,0,0,0,0,0,0,0,0,0
30001,ori0001,エンジェリング？,190,5000000,0,50000000,50000000,1,1250,5684,328,268,99,123,120,230,650,250,10,12,1,8,27,437,200,1072,672,672,0,0,0,0,0,0,0,0,0,0,0,0,0,0,0,0,512,0,0,0,0,0,0,0,0,0,0,0
30002,ori0002,サベージ？,160,2500000,0,20000000,20000000,1,2350,1258,268,82,172,198,135,58,458,80,10,12,2,2,27,149,150,1960,960,384,0,0,0,0,0,0,0,0,0,0,0,0,0,0,0,0,512,0,0,0,0,0,0,0,0,0,0,0
30003,ori0003,スポア？,160,2500000,0,20000000,20000000,1,1982,1682,231,175,148,230,98,84,523,135,10,12,1,3,27,149,200,1872,672,288,0,0,0,0,0,0,0,0,0,0,0,0,0,0,0,0,512,0,0,0,0,0,0,0,0,0,0,0
30004,ori0004,鉄,190,6000000,0,50000000,50000000,2,2860,1865,684,368,345,159,346,150,608,12,10,12,0,0,20,437,160,1892,723,245,0,0,0,0,0,0,0,0,0,0,0,0,0,0,0,0,512,0,0,0,0,0,0,0,0,0,0,0
30005,ori0005,メガリス？,160,5000000,0,20000000,20000000,7,500,1000,200,20,0,0,0,150,0,0,7,8,0,0,21,133,200,1600,600,600,0,0,0,0,0,0,0,0,0,0,0,0,0,0,0,0,512,0,0,0,0,0,0,0,0,0,0,0
30006,ori0006,拳,190,2000000,0,50000000,50000000,1,500,1000,200,20,0,0,0,150,0,0,2,2,0,0,21,165,200,1600,600,600,0,0,0,0,0,0,0,0,0,0,0,0,0,0,0,0,512,0,0,0,0,0,0,0,0,0,0,0
30007,ori0007,ヒートタートル？,160,3000000,0,20000000,20000000,1,500,1000,200,20,0,0,0,150,0,0,3,3,0,0,21,133,200,1600,600,600,0,0,0,0,0,0,0,0,0,0,0,0,0,0,0,0,512,0,0,0,0,0,0,0,0,0,0,0

//1次職,,,,,,,,,,,,,,,,,,,,,,,,,,,,,,,,,,,,,,,,,,,,,,,,,,,,,,,,
30008,ori0008,セニアちゃん,90,30000,0,10000,10000,1,800,250,150,30,144,1,86,69,120,33,10,12,0,7,43,141,145,576,432,288,0,0,0,0,0,0,0,0,0,0,0,0,0,0,0,0,0,0,0,0,0,0,0,0,0,0,0,0
30009,ori0009,ヒュッケちゃん,90,25000,0,10000,10000,1,876,144,120,70,114,1,69,42,120,33,10,12,0,7,65,133,120,576,432,288,0,0,0,0,0,0,0,0,0,0,0,0,0,0,0,0,0,0,0,0,0,0,0,0,0,0,0,0
30010,ori0010,アルマイアちゃん,90,24000,0,10000,10000,1,800,140,130,20,123,1,85,65,120,33,10,12,0,7,62,133,120,576,432,288,0,0,0,0,0,0,0,0,0,0,0,0,0,0,0,0,0,0,0,0,0,0,0,0,0,0,0,0
30011,ori0011,イレンドくん,90,20000,0,10000,10000,1,500,350,100,100,70,1,90,110,120,33,10,12,0,7,46,133,130,576,432,288,0,0,0,0,0,0,0,0,0,0,0,0,0,0,0,0,0,0,0,0,0,0,0,0,0,0,0,0
30012,ori0012,イカルスくん,90,22000,0,10000,10000,9,660,130,90,50,110,1,60,50,150,33,10,12,0,7,44,133,150,576,432,288,0,0,0,0,0,0,0,0,0,0,0,0,0,0,0,0,0,0,0,0,0,0,0,0,0,0,0,0
30013,ori0013,ラウレルくん,90,18000,0,10000,10000,1,450,430,80,90,70,1,70,130,120,33,10,12,0,7,48,133,150,576,432,288,0,0,0,0,0,0,0,0,0,0,0,0,0,0,0,0,0,0,0,0,0,0,0,0,0,0,0,0

//2次職,,,,,,,,,,,,,,,,,,,,,,,,,,,,,,,,,,,,,,,,,,,,,,,,,,,,,,,,
30014,ori0014,セイレンの思い出,120,120000,0,30000,30000,1,1200,1200,124,8,144,92,86,69,150,40,10,12,1,7,43,141,145,576,432,288,0,0,0,0,0,0,0,0,0,0,0,0,0,0,0,0,0,0,0,0,0,0,0,0,0,0,0,0
30015,ori0015,ガイルの思い出,120,100000,0,30000,30000,1,1200,1200,114,66,114,91,69,42,130,40,10,12,1,7,65,133,120,576,432,288,0,0,0,0,0,0,0,0,0,0,0,0,0,0,0,0,0,0,0,0,0,0,0,0,0,0,0,0
30016,ori0016,ハワードの思い出,120,90000,0,30000,30000,1,1200,1200,119,4,123,59,85,65,150,40,10,12,1,7,62,133,120,576,432,288,0,0,0,0,0,0,0,0,0,0,0,0,0,0,0,0,0,0,0,0,0,0,0,0,0,0,0,0
30017,ori0017,マガレの思い出,120,70000,0,30000,30000,1,800,800,106,99,77,66,90,105,87,40,10,12,1,7,46,133,130,576,432,288,0,0,0,0,0,0,0,0,0,0,0,0,0,0,0,0,0,0,0,0,0,0,0,0,0,0,0,0
30018,ori0018,セシルの思い出,120,80000,0,30000,30000,9,1000,1000,86,48,103,109,62,50,200,40,10,12,1,7,44,133,150,576,432,288,0,0,0,0,0,0,0,0,0,0,0,0,0,0,0,0,0,0,0,0,0,0,0,0,0,0,0,0
30019,ori0019,カトリの思い出,120,60000,0,30000,30000,1,600,600,76,88,67,79,65,170,112,40,10,12,1,7,48,133,150,576,432,288,0,0,0,0,0,0,0,0,0,0,0,0,0,0,0,0,0,0,0,0,0,0,0,0,0,0,0,0

//2-2次職,,,,,,,,,,,,,,,,,,,,,,,,,,,,,,,,,,,,,,,,,,,,,,,,,,,,,,,,
30020,ori0020,セニアの可能性,120,120000,0,30000,30000,1,1200,1200,124,8,144,92,86,69,150,40,10,12,1,7,43,141,145,576,432,288,0,0,0,0,0,0,0,0,0,0,0,0,0,0,0,0,0,0,0,0,0,0,0,0,0,0,0,0
30021,ori0021,ヒュッケの可能性,120,100000,0,30000,30000,1,1200,1200,114,66,114,91,69,42,130,40,10,12,1,7,65,133,120,576,432,288,0,0,0,0,0,0,0,0,0,0,0,0,0,0,0,0,0,0,0,0,0,0,0,0,0,0,0,0
30022,ori0022,アルマイアの可能性,120,90000,0,30000,30000,1,1200,1200,119,4,123,59,85,65,150,40,10,12,1,7,62,133,120,576,432,288,0,0,0,0,0,0,0,0,0,0,0,0,0,0,0,0,0,0,0,0,0,0,0,0,0,0,0,0
30023,ori0023,イレンドの可能性,120,70000,0,30000,30000,1,800,800,106,99,77,66,90,105,87,40,10,12,1,7,46,133,130,576,432,288,0,0,0,0,0,0,0,0,0,0,0,0,0,0,0,0,0,0,0,0,0,0,0,0,0,0,0,0
30024,ori0024,イカルスの可能性,120,80000,0,30000,30000,9,1000,1000,86,48,103,109,62,50,200,40,10,12,1,7,44,133,150,576,432,288,0,0,0,0,0,0,0,0,0,0,0,0,0,0,0,0,0,0,0,0,0,0,0,0,0,0,0,0
30025,ori0025,イカルスの思い出,120,80000,0,30000,30000,9,1000,1000,86,48,103,109,62,50,200,40,10,12,1,7,44,133,150,576,432,288,0,0,0,0,0,0,0,0,0,0,0,0,0,0,0,0,0,0,0,0,0,0,0,0,0,0,0,0
30026,ori0026,ラウレルの可能性,120,60000,0,30000,30000,1,600,600,76,88,67,79,65,170,112,40,10,12,1,7,48,133,150,576,432,288,0,0,0,0,0,0,0,0,0,0,0,0,0,0,0,0,0,0,0,0,0,0,0,0,0,0,0,0

//転生2-1次,,,,,,,,,,,,,,,,,,,,,,,,,,,,,,,,,,,,,,,,,,,,,,,,,,,,,,,,
30027,ori0027,セイレン,140,450000,0,300000,300000,1,3000,2000,266,100,142,69,100,49,432,66,10,12,1,6,63,133,100,56,384,288,0,0,0,0,0,0,0,0,0,0,0,0,0,0,0,0,0,0,0,0,0,0,0,0,0,0,0,0
30028,ori0028,エレメス,140,370000,0,300000,300000,1,3000,2000,122,100,145,87,100,67,427,66,10,12,1,6,85,133,100,56,384,288,0,0,0,0,0,0,0,0,0,0,0,0,0,0,0,0,0,0,0,0,0,0,0,0,0,0,0,0
30029,ori0029,ハワード,140,390000,0,300000,300000,1,3000,2000,131,100,138,79,100,53,482,66,10,12,1,6,81,133,100,56,384,288,0,0,0,0,0,0,0,0,0,0,0,0,0,0,0,0,0,0,0,0,0,0,0,0,0,0,0,0
30030,ori0030,マガレ,140,370000,0,300000,300000,1,3000,2000,138,100,126,74,100,123,499,66,10,12,1,6,66,133,100,152,384,288,0,0,0,0,0,0,0,0,0,0,0,0,0,0,0,0,0,0,0,0,0,0,0,0,0,0,0,0
30031,ori0031,セシル,140,370000,0,300000,300000,14,3000,2000,115,100,121,126,100,80,465,66,10,12,1,6,64,133,100,56,384,288,0,0,0,0,0,0,0,0,0,0,0,0,0,0,0,0,0,0,0,0,0,0,0,0,0,0,0,0
30032,ori0032,カトリ,140,250000,0,300000,300000,1,3000,2000,100,100,108,78,100,220,439,66,10,12,1,7,68,133,100,152,384,288,0,0,0,0,0,0,0,0,0,0,0,0,0,0,0,0,0,0,0,0,0,0,0,0,0,0,0,0

//転生2-2次,,,,,,,,,,,,,,,,,,,,,,,,,,,,,,,,,,,,,,,,,,,,,,,,,,,,,,,,
30033,ori0033,ランデル,140,450000,0,300000,300000,1,3000,2000,266,100,142,69,100,49,432,66,10,12,1,6,66,133,100,56,384,288,0,0,0,0,0,0,0,0,0,0,0,0,0,0,0,0,0,0,0,0,0,0,0,0,0,0,0,0
30034,ori0034,ガーディ,140,370000,0,300000,300000,1,3000,2000,122,100,145,87,100,67,427,66,10,12,1,7,87,133,100,56,384,288,0,0,0,0,0,0,0,0,0,0,0,0,0,0,0,0,0,0,0,0,0,0,0,0,0,0,0,0
30035,ori0035,エミュール,140,390000,0,300000,300000,1,3000,2000,131,100,38,79,100,1,482,66,10,12,1,6,83,133,100,56,384,288,0,0,0,0,0,0,0,0,0,0,0,0,0,0,0,0,0,0,0,0,0,0,0,0,0,0,0,0
30036,ori0036,チェン,140,370000,0,300000,300000,1,3000,2000,138,100,126,74,100,123,499,66,10,12,1,6,61,133,100,152,384,288,0,0,0,0,0,0,0,0,0,0,0,0,0,0,0,0,0,0,0,0,0,0,0,0,0,0,0,0
30037,ori0037,バジル,140,370000,0,300000,300000,14,3000,2000,115,100,121,126,100,80,465,66,10,12,1,6,64,133,100,56,384,288,0,0,0,0,0,0,0,0,0,0,0,0,0,0,0,0,0,0,0,0,0,0,0,0,0,0,0,0
30038,ori0038,トレンティーニ,140,370000,0,300000,300000,14,3000,2000,115,100,121,126,100,80,465,66,10,12,1,7,64,133,100,56,384,288,0,0,0,0,0,0,0,0,0,0,0,0,0,0,0,0,0,0,0,0,0,0,0,0,0,0,0,0
30039,ori0039,セリア,140,250000,0,300000,300000,1,3000,2000,100,100,108,78,100,220,439,66,10,12,1,7,68,133,100,152,384,288,0,0,0,0,0,0,0,0,0,0,0,0,0,0,0,0,0,0,0,0,0,0,0,0,0,0,0,0

//3-1,,,,,,,,,,,,,,,,,,,,,,,,,,,,,,,,,,,,,,,,,,,,,,,,,,,,,,,,
30040,ori0040,ルーンナイト,160,7000000,0,2000000,2000000,1,4500,2500,189,128,150,150,80,100,400,77,10,12,2,7,43,165,100,518,385,268,0,0,0,0,0,0,0,0,0,0,0,0,0,0,0,0,0,0,0,0,0,0,0,0,0,0,0,0
30041,ori0041,ギロチンクロス,160,5500000,0,2000000,2000000,1,6000,3000,436,218,200,150,48,190,400,77,10,12,2,7,45,165,100,368,238,296,0,0,0,0,0,0,0,0,0,0,0,0,0,0,0,0,0,0,0,0,0,0,0,0,0,0,0,0
30042,ori0042,メカニック,160,5500000,0,2000000,2000000,1,4063,3000,436,218,200,150,50,190,400,77,10,12,2,7,43,165,100,200,80,80,0,0,0,0,0,0,0,0,0,0,0,0,0,0,0,0,0,0,0,0,0,0,0,0,0,0,0,0
30043,ori0043,アークビショップ,160,5000000,0,2000000,2000000,1,12000,3000,436,218,200,150,40,190,400,77,10,12,2,7,46,165,100,200,80,80,0,0,0,0,0,0,0,0,0,0,0,0,0,0,0,0,0,0,0,0,0,0,0,0,0,0,0,0
30044,ori0044,レンジャー,160,5000000,0,2000000,2000000,10,6000,3000,436,218,200,150,20,190,400,77,10,12,2,7,40,165,100,200,80,80,0,0,0,0,0,0,0,0,0,0,0,0,0,0,0,0,0,0,0,0,0,0,0,0,0,0,0,0
30045,ori0045,ウォーロック,160,4500000,0,2000000,2000000,1,6000,3000,436,218,200,150,15,190,400,77,10,12,2,7,40,165,100,200,80,80,0,0,0,0,0,0,0,0,0,0,0,0,0,0,0,0,0,0,0,0,0,0,0,0,0,0,0,0

//3-2
30046,ori0046,ロイヤルガード,160,7000000,0,2000000,2000000,3,6000,3000,436,218,200,150,70,190,400,77,10,12,2,7,46,165,100,200,100,100,0,0,0,0,0,0,0,0,0,0,0,0,0,0,0,0,0,0,0,0,0,0,0,0,0,0,0,0
30047,ori0047,シャドウチェイサー,160,5500000,0,2000000,2000000,1,6000,3000,436,218,200,150,60,190,400,77,10,12,2,7,47,165,100,200,80,80,0,0,0,0,0,0,0,0,0,0,0,0,0,0,0,0,0,0,0,0,0,0,0,0,0,0,0,0
30048,ori0048,ジェネティック,160,5500000,0,2000000,2000000,1,6000,3000,436,218,200,150,30,190,400,77,10,12,2,7,42,165,100,200,80,80,0,0,0,0,0,0,0,0,0,0,0,0,0,0,0,0,0,0,0,0,0,0,0,0,0,0,0,0
30049,ori0049,修羅,160,5000000,0,2000000,2000000,1,6000,3000,436,218,200,150,45,190,400,77,10,12,2,7,48,165,100,200,80,80,0,0,0,0,0,0,0,0,0,0,0,0,0,0,0,0,0,0,0,0,0,0,0,0,0,0,0,0
30050,ori0050,ミンストレル,160,5000000,0,2000000,2000000,3,6000,3000,436,218,200,150,32,190,400,77,10,12,2,7,44,165,100,200,80,80,0,0,0,0,0,0,0,0,0,0,0,0,0,0,0,0,0,0,0,0,0,0,0,0,0,0,0,0
30051,ori0051,ワンダラー,160,5000000,0,2000000,2000000,3,6000,3000,436,218,200,150,25,190,400,77,10,12,2,7,44,165,100,200,80,80,0,0,0,0,0,0,0,0,0,0,0,0,0,0,0,0,0,0,0,0,0,0,0,0,0,0,0,0
30052,ori0052,ソーサラー,160,4500000,0,2000000,2000000,1,6000,3000,436,218,200,150,40,190,400,77,10,12,2,7,48,165,100,200,80,80,0,0,0,0,0,0,0,0,0,0,0,0,0,0,0,0,0,0,0,0,0,0,0,0,0,0,0,0

//拡張-1
30053,ori0053,スーパーノービス♂,140,450000,0,300000,300000,1,3000,2000,124,8,144,92,86,69,150,66,10,12,1,7,43,141,145,576,432,288,0,0,0,0,0,0,0,0,0,0,0,0,0,0,0,0,0,0,0,0,0,0,0,0,0,0,0,0
30054,ori0054,スーパーノービス♀,140,390000,0,300000,300000,1,3000,2000,124,8,144,92,86,69,150,66,10,12,1,7,43,141,145,576,432,288,0,0,0,0,0,0,0,0,0,0,0,0,0,0,0,0,0,0,0,0,0,0,0,0,0,0,0,0
30055,ori0055,ガンスリンガー♂,140,370000,0,300000,300000,10,3000,2000,124,8,144,92,86,69,150,66,10,12,1,7,43,141,145,576,432,288,0,0,0,0,0,0,0,0,0,0,0,0,0,0,0,0,0,0,0,0,0,0,0,0,0,0,0,0
30056,ori0056,ガンスリンガー♀,140,370000,0,300000,300000,10,3000,2000,124,8,144,92,86,69,150,66,10,12,1,7,43,141,145,576,432,288,0,0,0,0,0,0,0,0,0,0,0,0,0,0,0,0,0,0,0,0,0,0,0,0,0,0,0,0
30057,ori0057,忍者♂,140,370000,0,300000,300000,1,3000,2000,124,8,144,92,86,69,150,66,10,12,1,7,43,141,145,576,432,288,0,0,0,0,0,0,0,0,0,0,0,0,0,0,0,0,0,0,0,0,0,0,0,0,0,0,0,0
30058,ori0058,忍者♀,140,370000,0,300000,300000,1,3000,2000,124,8,144,92,86,69,150,66,10,12,1,7,43,141,145,576,432,288,0,0,0,0,0,0,0,0,0,0,0,0,0,0,0,0,0,0,0,0,0,0,0,0,0,0,0,0
30059,ori0059,拳聖,140,370000,0,300000,300000,1,3000,2000,124,8,144,92,86,69,150,66,10,12,1,7,43,141,145,576,432,288,0,0,0,0,0,0,0,0,0,0,0,0,0,0,0,0,0,0,0,0,0,0,0,0,0,0,0,0
30060,ori0060,ソウルリンカー,140,250000,0,300000,300000,1,3000,2000,124,8,144,92,86,69,150,66,10,12,1,7,43,141,145,576,432,288,0,0,0,0,0,0,0,0,0,0,0,0,0,0,0,0,0,0,0,0,0,0,0,0,0,0,0,0
//拡張-2
30061,ori0061,スーパーノービス♂,160,7000000,0,2000000,2000000,1,6000,3000,124,8,144,92,86,69,150,77,10,12,1,7,43,141,145,576,432,288,0,0,0,0,0,0,0,0,0,0,0,0,0,0,0,0,0,0,0,0,0,0,0,0,0,0,0,0
30062,ori0062,スーパーノービス♀,160,5500000,0,2000000,2000000,1,6000,3000,124,8,144,92,86,69,150,77,10,12,1,7,43,141,145,576,432,288,0,0,0,0,0,0,0,0,0,0,0,0,0,0,0,0,0,0,0,0,0,0,0,0,0,0,0,0
30063,ori0063,リベリオン♂,160,5000000,0,2000000,2000000,10,6000,3000,124,8,144,92,86,69,150,77,10,12,1,7,43,141,145,576,432,288,0,0,0,0,0,0,0,0,0,0,0,0,0,0,0,0,0,0,0,0,0,0,0,0,0,0,0,0
30064,ori0064,リベリオン♀,160,5000000,0,2000000,2000000,10,6000,3000,124,8,144,92,86,69,150,77,10,12,1,7,43,141,145,576,432,288,0,0,0,0,0,0,0,0,0,0,0,0,0,0,0,0,0,0,0,0,0,0,0,0,0,0,0,0
30065,ori0065,影狼,160,5000000,0,2000000,2000000,1,6000,3000,124,8,144,92,86,69,150,77,10,12,1,7,43,141,145,576,432,288,0,0,0,0,0,0,0,0,0,0,0,0,0,0,0,0,0,0,0,0,0,0,0,0,0,0,0,0
30066,ori0066,朧,160,5000000,0,2000000,2000000,1,6000,3000,124,8,144,92,86,69,150,77,10,12,1,7,43,141,145,576,432,288,0,0,0,0,0,0,0,0,0,0,0,0,0,0,0,0,0,0,0,0,0,0,0,0,0,0,0,0
30067,ori0067,星帝,160,5000000,0,2000000,2000000,1,6000,3000,124,8,144,92,86,69,150,77,10,12,1,7,43,141,145,576,432,288,0,0,0,0,0,0,0,0,0,0,0,0,0,0,0,0,0,0,0,0,0,0,0,0,0,0,0,0
30068,ori0068,ソウルリーパー,160,4500000,0,2000000,2000000,1,6000,3000,124,8,144,92,86,69,150,77,10,12,1,7,43,141,145,576,432,288,0,0,0,0,0,0,0,0,0,0,0,0,0,0,0,0,0,0,0,0,0,0,0,0,0,0,0,0

//覚醒MVPBOSS	初　中　上　超
//初
31000,GOLDEN_BUG,覚醒黄金蟲,200,13456000,0,200000000,200000000,1,12658,4203,230,110,198,160,150,99,465,33,10,12,2,4,43,400437,100,768,768,480,0,0,0,0,0,0,0,0,0,0,0,0,0,0,0,0,0,0,0,0,0,0,0,0,0,0,0,0
31001,MOONLIGHT,覚醒月夜花,200,10200000,0,200000000,200000000,1,7652,7298,189,165,146,189,185,169,465,33,10,12,1,6,63,400437,150,1276,576,288,0,0,0,0,0,0,0,0,0,0,0,0,0,0,0,0,0,0,0,0,0,0,0,0,0,0,0,0
31002,EDDGA,覚醒エドガ,200,14523025,0,200000000,200000000,1,16235,9865,265,130,158,103,160,138,465,33,10,12,2,2,23,400437,300,872,1344,432,0,0,0,0,0,0,0,0,0,0,0,0,0,0,0,0,0,0,0,0,0,0,0,0,0,0,0,0
31003,GARM,覚醒ハティー,200,11235069,0,200000000,200000000,3,13598,8965,173,103,122,126,135,148,465,33,10,12,2,2,81,400437,400,608,408,336,0,0,0,0,0,0,0,0,0,0,0,0,0,0,0,0,0,0,0,0,0,0,0,0,0,0,0,0
31004,PHREEONI,覚醒フリオニ,200,13526351,0,200000000,200000000,1,15326,9865,269,156,154,98,178,87,465,33,10,12,2,2,60,400437,200,1020,1020,288,0,0,0,0,0,0,0,0,0,0,0,0,0,0,0,0,0,0,0,0,0,0,0,0,0,0,0,0
31005,DRACULA,覚醒ドラキュラ,200,11569852,0,200000000,200000000,3,10256,9684,152,185,106,136,105,168,465,33,10,12,2,6,87,400437,145,1290,1140,576,0,0,0,0,0,0,0,0,0,0,0,0,0,0,0,0,0,0,0,0,0,0,0,0,0,0,0,0
31006,DOPPELGANGER,覚醒ドッペルゲンガー,200,14523659,0,200000000,200000000,1,17892,2569,246,179,205,189,110,70,465,33,10,12,1,6,67,400437,100,480,480,288,0,0,0,0,0,0,0,0,0,0,0,0,0,0,0,0,0,0,0,0,0,0,0,0,0,0,0,0
31007,DRAKE,覚醒ドレイク,200,10235945,0,200000000,200000000,1,8023,7859,279,135,135,128,136,168,465,33,10,12,1,1,29,400437,400,620,420,360,0,0,0,0,0,0,0,0,0,0,0,0,0,0,0,0,0,0,0,0,0,0,0,0,0,0,0,0
31008,BAPHOMET,覚醒バフォメット,200,12666666,0,200000000,200000000,2,15666,9666,279,136,178,164,99,99,465,33,10,12,2,6,67,400437,100,768,768,576,0,0,0,0,0,0,0,0,0,0,0,0,0,0,0,0,0,0,0,0,0,0,0,0,0,0,0,0
31009,KNIGHT_OF_WINDSTORM,覚醒ストームナイト,200,13526958,0,200000000,200000000,2,14869,6859,306,166,138,165,132,104,465,33,10,12,2,0,84,400437,200,468,468,288,0,0,0,0,0,0,0,0,0,0,0,0,0,0,0,0,0,0,0,0,0,0,0,0,0,0,0,0
31010,LADY_TANEE,覚醒レディータニー,200,9286542,0,200000000,200000000,14,12368,7895,141,104,126,148,173,156,465,33,10,12,2,3,64,400164,100,576,432,360,0,0,0,0,0,0,0,0,0,0,0,0,0,0,0,0,0,0,0,0,0,0,0,0,0,0,0,0
31011,OSIRIS,覚醒オシリス,200,10269587,0,200000000,200000000,1,9868,7635,172,164,137,168,99,131,465,33,10,12,1,1,89,400437,100,1072,672,384,0,0,0,0,0,0,0,0,0,0,0,0,0,0,0,0,0,0,0,0,0,0,0,0,0,0,0,0
31012,AMON_RA,覚醒アモンラー,200,11253574,0,200000000,200000000,3,7863,9724,213,123,95,78,148,169,465,33,14,12,2,7,62,400164,170,854,2016,480,0,0,0,0,0,0,0,0,0,0,0,0,0,0,0,0,0,0,0,0,0,0,0,0,0,0,0,0

//中
31050,TURTLE_GENERAL,覚醒タートルジェネラル,220,21369585,0,300000000,300000000,2,3438,2066,1894,123,116,123,154,99,500,66,10,12,2,2,42,437,200,900,1000,500,0,0,0,0,0,0,0,0,0,0,0,0,0,0,0,0,0,0,0,0,0,0,0,0,0,0,0,0
31051,ORK_HERO,覚醒オークヒーロー,220,19853745,0,300000000,300000000,1,2690,441,197,70,97,82,107,71,500,66,10,12,2,7,42,437,150,1678,780,648,0,0,0,0,0,0,0,0,0,0,0,0,0,0,0,0,0,0,0,0,0,0,0,0,0,0,0,0
31052,ORC_LORD,覚醒オークロード,220,20364128,0,300000000,300000000,1,2943,648,256,92,95,95,103,96,500,66,10,12,2,7,82,437,100,1248,500,360,0,0,0,0,0,0,0,0,0,0,0,0,0,0,0,0,0,0,0,0,0,0,0,0,0,0,0,0
31053,ATROCE,覚醒アトロス,220,23659126,0,300000000,300000000,2,3470,1503,316,176,121,165,135,99,500,66,10,12,2,2,67,437,150,576,600,240,0,0,0,0,0,0,0,0,0,0,0,0,0,0,0,0,0,0,0,0,0,0,0,0,0,0,0,0
31054,TAO_GUNKA,覚醒タオグンカ,220,18946324,0,300000000,300000000,2,3297,1260,404,143,135,175,98,110,500,66,10,12,2,6,60,437,150,1020,288,144,0,0,0,0,0,0,0,0,0,0,0,0,0,0,0,0,0,0,0,0,0,0,0,0,0,0,0,0
31055,MISTRESS,覚醒ミストレス,220,17652392,0,300000000,300000000,1,2500,2367,187,192,76,186,88,113,500,66,10,12,0,4,84,437,100,1148,648,300,0,0,0,0,0,0,0,0,0,0,0,0,0,0,0,0,0,0,0,0,0,0,0,0,0,0,0,0
31056,PHARAOH,覚醒ファラオ,220,19532843,0,300000000,300000000,1,3391,1782,124,269,98,102,96,142,500,66,10,12,2,7,67,437,125,868,768,288,0,0,0,0,0,0,0,0,0,0,0,0,0,0,0,0,0,0,0,0,0,0,0,0,0,0,0,0
31057,BACSOJIN_,覚醒ペクソジン,220,17623547,0,300000000,300000000,3,2622,2036,210,178,118,244,98,126,500,66,10,12,2,7,64,165,130,576,960,480,0,0,0,0,0,0,0,0,0,0,0,0,0,0,0,0,0,0,0,0,0,0,0,0,0,0,0,0
31058,DARK_LORD,覚醒ダークロード,220,18432966,0,300000000,300000000,2,2825,2085,330,168,118,136,154,142,500,66,10,12,2,6,89,437,100,868,768,480,0,0,0,0,0,0,0,0,0,0,0,0,0,0,0,0,0,0,0,0,0,0,0,0,0,0,0,0
31059,APOCALIPS_H,覚醒ヴェスパー,220,19325677,0,300000000,300000000,3,4347,4656,5402,109,177,195,165,130,500,66,10,12,2,2,46,437,180,504,912,432,0,0,0,0,0,0,0,0,0,0,0,0,0,0,0,0,0,0,0,0,0,0,0,0,0,0,0,0
31060,KIEL_,覚醒キエル-D-01,220,20164583,0,300000000,300000000,3,3767,3580,314,232,166,187,155,141,500,66,10,12,1,0,47,437,130,1152,576,432,0,0,0,0,0,0,0,0,0,0,0,0,0,0,0,0,0,0,0,0,0,0,0,0,0,0,0,0
31061,BOITATA,覚醒ボイタタ,220,21397564,0,300000000,300000000,2,3304,962,32,66,140,99,30,109,500,66,10,12,2,2,63,437,200,1152,1152,576,0,0,0,0,0,0,0,0,0,0,0,0,0,0,0,0,0,0,0,0,0,0,0,0,0,0,0,0
31062,MAYA,覚醒マヤー,220,18652399,0,300000000,300000000,1,3276,2650,183,50,88,72,76,102,500,66,10,12,2,4,82,437,100,864,1000,480,0,0,0,0,0,0,0,0,0,0,0,0,0,0,0,0,0,0,0,0,0,0,0,0,0,0,0,0
31063,GOPINICH,覚醒ゴピニク,220,18423657,0,300000000,300000000,3,3612,1861,355,121,127,102,143,102,500,66,10,12,2,2,62,437,150,1536,864,432,0,0,0,0,0,0,0,0,0,0,0,0,0,0,0,0,0,0,0,0,0,0,0,0,0,0,0,0
31064,LORD_OF_DEATH,覚醒ロードオブデス,220,19876253,0,300000000,300000000,3,3709,962,336,73,140,99,30,109,500,66,10,12,2,6,67,437,180,1446,1296,360,0,0,0,0,0,0,0,0,0,0,0,0,0,0,0,0,0,0,0,0,0,0,0,0,0,0,0,0
31065,LEAK,覚醒レヤック,220,17620237,0,300000000,300000000,2,3723,1284,280,128,122,125,30,85,500,66,10,12,2,6,47,437,130,576,576,360,0,0,0,0,0,0,0,0,0,0,0,0,0,0,0,0,0,0,0,0,0,0,0,0,0,0,0,0
31066,DARK_SNAKE_LORD,覚醒黒蛇王,220,18423576,0,300000000,300000000,3,3717,1986,314,185,122,172,107,135,500,66,10,12,2,2,68,437,200,588,816,420,0,0,0,0,0,0,0,0,0,0,0,0,0,0,0,0,0,0,0,0,0,0,0,0,0,0,0,0
1623,RSX_0806,RSX-0806,100,1560733,0,171195,79928,1,3348,976,317,96,153,143,110,128,165,84,10,12,2,0,60,437,220,128,1104,240,7093,6000,7327,5000,617,1000,1242,100,1531,40,1230,5,13017,1,0,0,0,0,4342,1,85597,10000,607,5500,5104,3500,12590,1000,,,,,,,,,,,,,,,,,,,,,,,,,,,,,,,,,,,,,,,,,,,,,,,,,,,,,,,,

//上
31100,MG_AMDARAIS,覚醒アムダライス,240,4290000,0,350000000,350000000,3,5290,3900,30,40,255,39,90,169,550,99,10,12,2,1,89,437,120,1200,1200,400,0,0,0,0,0,0,0,0,0,0,0,0,0,0,0,0,0,0,0,0,0,0,0,0,0,0,0,0
31101,KRAKEN,覚醒クラーケン,240,2669000,0,350000000,350000000,3,4323,2830,55,229,196,109,165,117,550,99,10,12,2,5,81,437,130,432,864,360,0,0,0,0,0,0,0,0,0,0,0,0,0,0,0,0,0,0,0,0,0,0,0,0,0,0,0,0
31102,EVENT_DETALE,覚醒データルザウルス,240,3360000,0,350000000,350000000,3,4072,2662,364,166,100,90,112,136,550,99,10,12,2,9,67,437,250,936,432,360,0,0,0,0,0,0,0,0,0,0,0,0,0,0,0,0,0,0,0,0,0,0,0,0,0,0,0,0
31103,KTULLANUX,覚醒クトルラナックス,240,3417000,0,350000000,350000000,3,4613,2680,129,78,85,126,30,125,550,99,10,12,2,2,81,437,400,432,840,216,0,0,0,0,0,0,0,0,0,0,0,0,0,0,0,0,0,0,0,0,0,0,0,0,0,0,0,0
31104,FALLINGBISHOP,覚醒大神官ヒバム,240,3786000,0,350000000,350000000,1,4860,1636,274,182,186,165,95,226,550,99,10,12,1,6,47,437,150,432,720,360,0,0,0,0,0,0,0,0,0,0,0,0,0,0,0,0,0,0,0,0,0,0,0,0,0,0,0,0
31105,GLOOMUNDERNIGHT,覚醒グルームアンダーナイト,240,4005000,0,350000000,350000000,3,4114,2785,479,262,191,223,187,155,550,99,10,12,2,0,68,437,200,1344,2880,576,0,0,0,0,0,0,0,0,0,0,0,0,0,0,0,0,0,0,0,0,0,0,0,0,0,0,0,0
31106,RANDGRIS,覚醒ランドグリス,240,5567200,0,350000000,350000000,3,4315,6412,588,506,196,131,125,276,550,99,10,12,2,8,86,437,100,576,576,480,0,0,0,0,0,0,0,0,0,0,0,0,0,0,0,0,0,0,0,0,0,0,0,0,0,0,0,0
31107,IFRIT,覚醒イフリート,240,6240000,0,350000000,350000000,3,5375,3389,436,218,180,201,156,190,550,99,10,12,2,0,83,437,130,212,384,360,0,0,0,0,0,0,0,0,0,0,0,0,0,0,0,0,0,0,0,0,0,0,0,0,0,0,0,0
31108,XM_CELINE_KIMI,覚醒セリーヌ・キミ,240,6666666,0,350000000,350000000,2,4444,4444,479,44,144,44,44,444,550,99,10,12,2,1,28,181,100,576,1056,480,0,0,0,0,0,0,0,0,0,0,0,0,0,0,0,0,0,0,0,0,0,0,0,0,0,0,0,0
31109,AB_GIOIA,覚醒ジオイア,240,9515542,0,350000000,350000000,9,4450,10211,95,18,180,35,45,190,550,99,10,12,2,0,24,1972,100,2592,600,428,0,0,0,0,0,0,0,0,0,0,0,0,0,0,0,0,0,0,0,0,0,0,0,0,0,0,0,0
31110,EP16_2_MM_CUTIE,覚醒CUTIE,240,8888888,0,350000000,350000000,2,11341,1,888,8,910,70,453,1,550,99,10,12,2,2,47,241,130,1600,600,600,0,0,0,0,0,0,0,0,0,0,0,0,0,0,0,0,0,0,0,0,0,0,0,0,0,0,0,0
31111,BIJOU,覚醒ビジョウ,240,10000000,0,350000000,350000000,2,5555,2611,111,42,190,55,189,256,550,99,10,12,1,7,29,1717,100,2000,1536,480,0,0,0,0,0,0,0,0,0,0,0,0,0,0,0,0,0,0,0,0,0,0,0,0,0,0,0,0
31112,MUSPELLSKOLL_H,覚醒ムスペルスコール,240,75331874,0,350000000,350000000,3,5147,2356,791,331,2198,132,2015,1881,550,99,10,12,2,2,23,165,200,1600,600,600,0,0,0,0,0,0,0,0,0,0,0,0,0,0,0,0,0,0,0,0,0,0,0,0,0,0,0,0
31113,BRINARANEA_H,覚醒ブリナラネア,240,82756621,0,350000000,350000000,3,6069,1469,285,112,2497,176,3015,1135,550,99,10,12,2,4,25,165,150,1600,600,600,0,0,0,0,0,0,0,0,0,0,0,0,0,0,0,0,0,0,0,0,0,0,0,0,0,0,0,0

20381,EP17_1_R4885_BESTIA,R48-85-ベスティア,185,54885000,0,4332298,12700999,1,26520,5150,1555,124,5220,244,272,618,255,95,10,12,2,2,80,165,150,1600,600,600,0,0,0,0,0,0,0,0,0,0,0,0,0,0,0,0,512,0,0,0,0,0,0,0,0,0,0,0
20667,MD_SILVA_PAPILIA,シルヴァパピリア,190,150000000,0,37500000,6300000,1,29118,31225,936,1028,580,172,987,475,482,312,10,12,2,3,66,165,120,1600,600,600,0,0,0,0,0,0,0,0,0,0,0,0,0,0,0,0,512,0,0,0,0,0,0,0,0,0,0,0
20618,BONE_DETALE,ボーンデータルザウルス,220,26352200,0,24449600,18337200,3,175500,153820,1400,281,251,132,202,322,489,121,10,12,2,9,69,1973,200,940,940,480,25765,0,15391,0,20946,0,22208,0,0,0,0,0,0,0,0,0,0,0,300021,0,24449600,10000,23981,0,616,0,25765,0
20659,MD_PITAYA_BOSS,ボスピタヤ,188,50000000,0,40656489,40459542,1,31570,5828,996,480,391,370,420,390,421,360,10,12,1,3,63,165,120,1600,600,600,0,0,0,0,0,0,0,0,0,0,0,0,0,0,0,0,512,0,0,0,0,0,0,0,0,0,0,0
20928,CHIMERA_THEONE,変異キメラ・ザ・ワン,263,19042400,0,141099887,98769920,2,163541,168756,1654,114,432,244,217,396,534,188,10,12,2,0,40,165,120,1600,600,600,0,0,0,0,0,0,0,0,0,0,0,0,0,0,0,0,512,0,0,0,0,0,0,0,0,0,0,0
21537,EP19_LIMACINA_BOSS,ウルトラリマキナ,245,29907652,0,107644313,86115450,1,19029,25322,529,659,198,174,253,215,501,33,10,12,2,5,61,165,150,1600,600,600,0,0,0,0,0,0,0,0,0,0,0,0,0,0,0,0,512,0,0,0,0,0,0,0,0,0,0,0
3473,AS_RAGGED_GOLEM,S・J・アーネストウルフ,160,30000000,0,196453,109040,1,15000,15000,1,1,100000,1,1000,1,1,1,14,16,2,7,89,177,300,960,1632,480,522,1,607,1,28021,1,2038,1,21029,1,19184,1,0,0,0,0,0,0,27035,1,0,0,617,1,12590,1,616,1
3917,JP_E_MONSTER_75,イーブル,180,30000000,0,222222,111111,1,15000,1500,121,100,356,70,81,30,340,80,10,12,1,7,20,177,100,1600,600,600,25159,1,7444,1,607,1,32008,1,20857,1,0,0,0,0,0,0,0,0,27141,1,0,0,12623,1,12590,1,616,1

20610,REGINLEIF,レギンレイヴ,225,25331200,0,49122000,36841200,3,153400,203500,1235,294,389,209,126,367,539,248,10,12,1,8,86,1973,100,574,574,288,25769,0,7063,0,7510,0,25770,0,15400,0,20947,0,22209,0,0,0,512,0,300013,0,49122000,10000,100142,0,616,0,25767,0
20611,INGRID,イングリッド,225,24152390,0,48972000,36818400,2,163300,193650,1100,292,362,221,108,358,528,248,10,12,1,8,86,1973,100,574,574,288,25768,0,7063,0,7510,0,25771,0,15400,0,20947,0,22209,0,0,0,512,0,300014,0,48972000,10000,100142,0,616,0,25767,0
21531,EP19_MD_AQUILA,アクィラ,240,230000000,0,107683510,86146808,1,37312,32334,1500,262,80,80,80,80,800,30,10,12,2,0,20,165,100,1600,600,600,0,0,0,0,0,0,0,0,0,0,0,0,0,0,0,0,512,0,0,0,0,0,0,0,0,0,0,0
21360,EP18_MD_SCHULANG_L,シュラン,250,600000000,0,0,0,1,50609,50180,500,130,216,135,225,153,382,27,10,12,1,1,29,165,120,1600,600,600,0,0,0,0,0,0,0,0,0,0,0,0,0,0,0,0,512,0,0,0,0,0,0,0,0,0,0,0
20572,MD_C_HEMEL,呪殺のヒメルメズ,195,600000000,0,156832119,153695477,1,29113,31221,1329,1478,162123,1021,432,1431,1125,323,10,12,1,7,46,165,150,1600,600,600,0,0,0,0,0,0,0,0,0,0,0,0,0,0,0,0,512,0,0,0,0,0,0,0,0,0,0,0
